# bench-hashes samples v4
# power: not measured by this diagnostic caller
# load: quiet: other programs kept 0.16 CPUs busy on average, 0.17 in the busiest window
# load windows (start ms-end ms:other milli-CPUs:steal milli-CPUs): 0-1001:138:0,1001-2058:172:0
# rounds: 128
# contenders: --contenders sha256,blake3-servil-st
# work control version: 2
# logical requests per block: 100
# subject extra per100: 0
# control extra per100: 0
# thread cycles: unavailable on Linux; empty trace fields
contender	scenario	use_case	point	unit	ns/units	start ms
sha256	solo	PositiveWorkControl	64 B	call	1993677/32600,2004798/32600,1997294/32600,1991344/32600,1996726/32600,1991289/32600,1991328/32600,1991085/32600,1990929/32600,2055403/32600,2013863/32600,2013380/32600,2010016/32600,2010096/32600,2010512/32600,2059399/32600,1978863/32600,1973871/32600,1973369/32600,1969137/32600,2005291/32600,1983215/32600,1988433/32600,2010190/32600,2013681/32600,2014890/32600,2012684/32600,2020552/32600,2024597/32600,1995127/32600,1986330/32600,1971862/32600,1969760/32600,1969339/32600,1969004/32600,1968899/32600,1971694/32600,2010596/32600,1976526/32600,1973654/32600,1973188/32600,1971951/32600,2333576/32600,1968990/32600,1968994/32600,2004530/32600,1980978/32600,1969400/32600,1968910/32600,1975794/32600,1976595/32600,2007789/32600,1969693/32600,1972285/32600,1969033/32600,1969281/32600,1969378/32600,1969209/32600,1969176/32600,1969120/32600,1968737/32600,1971858/32600,1973289/32600,1991876/32600,2010090/32600,2013097/32600,2011344/32600,2011437/32600,2019756/32600,1996947/32600,2009536/32600,1990687/32600,1974191/32600,1982585/32600,1976850/32600,1973860/32600,1993064/32600,1973920/32600,1979269/32600,1974812/32600,1973112/32600,1971499/32600,1969428/32600,1970092/32600,1969558/32600,1969547/32600,1969973/32600,1972218/32600,1969347/32600,1969262/32600,1969390/32600,1968786/32600,1969693/32600,1969441/32600,1969276/32600,1975008/32600,1969049/32600,1971722/32600,2002319/32600,1990000/32600,1975671/32600,1973102/32600,1969228/32600,2006180/32600,2010064/32600,2010946/32600,2011831/32600,2011424/32600,1988454/32600,1982146/32600,1976039/32600,1972735/32600,1988842/32600,1994589/32600,1976867/32600,1988647/32600,2010109/32600,2369029/32600,1969208/32600,1969279/32600,1975534/32600,1969665/32600,1969359/32600,1968955/32600,1971514/32600,1975472/32600,1995683/32600,2011430/32600	0,2,4,6,8,10,12,14,16,17,20,22,24,26,28,30,32,34,36,38,40,42,44,46,48,50,52,54,56,58,60,62,64,66,68,70,71,73,75,77,79,81,83,86,88,90,92,94,96,98,100,101,104,105,107,109,111,113,115,117,119,121,123,125,127,129,131,133,135,137,139,141,143,145,147,149,151,153,155,157,159,161,163,165,167,169,171,173,175,177,179,181,183,185,187,189,191,193,195,197,199,201,202,204,206,208,210,212,214,216,218,220,222,224,226,228,230,232,235,237,239,241,243,245,247,249,251,253
sha256	solo	PositiveWorkControl	2048 B	call	2052401/2300,2056062/2300,2053467/2300,2014956/2300,2019323/2300,2023389/2300,2008663/2300,2008699/2300,2020634/2300,2009020/2300,2012434/2300,2009061/2300,2012129/2300,2009065/2300,2035792/2300,2050106/2300,2050986/2300,2050576/2300,2051897/2300,2052288/2300,2038549/2300,2037930/2300,2017082/2300,2008562/2300,2017278/2300,2009111/2300,2011676/2300,2009019/2300,2011645/2300,2017886/2300,2008944/2300,2008801/2300,2008577/2300,2011411/2300,2008450/2300,2008641/2300,2010562/2300,2017283/2300,2008705/2300,2013488/2300,2008778/2300,2018147/2300,2013510/2300,2009200/2300,2008595/2300,2010853/2300,2009282/2300,2008628/2300,2008887/2300,2011629/2300,2008705/2300,2008498/2300,2008485/2300,2014139/2300,2037713/2300,2050135/2300,2051480/2300,2051471/2300,2052321/2300,2025473/2300,2018080/2300,2009192/2300,2008829/2300,2008746/2300,2008527/2300,2008586/2300,2023817/2300,2009535/2300,2011710/2300,2012166/2300,2014404/2300,2375690/2300,2018437/2300,2017622/2300,2014346/2300,2012883/2300,2013282/2300,2012766/2300,2012654/2300,2010784/2300,2008491/2300,2008587/2300,2008518/2300,2008593/2300,2013365/2300,2008456/2300,2008612/2300,2008630/2300,2008607/2300,2008634/2300,2008625/2300,2012037/2300,2008580/2300,2030378/2300,2050443/2300,2050375/2300,2052822/2300,2051681/2300,2041089/2300,2018702/2300,2020216/2300,2009170/2300,2008602/2300,2031363/2300,2008407/2300,2009191/2300,2008598/2300,2017385/2300,2009363/2300,2011733/2300,2008798/2300,2011547/2300,2011214/2300,2008865/2300,2008987/2300,2011561/2300,2008782/2300,2008524/2300,2010320/2300,2021563/2300,2021164/2300,2011051/2300,2008538/2300,2009808/2300,2027514/2300,2043772/2300,2008757/2300,2008531/2300	257,259,261,263,265,267,269,271,273,275,277,279,281,283,285,287,289,291,293,295,297,299,301,303,305,307,309,311,313,315,317,319,321,323,325,327,329,331,333,335,337,340,342,344,346,348,350,352,354,356,358,360,362,364,366,368,370,372,374,376,378,380,382,384,386,388,390,392,394,396,398,400,402,404,406,408,410,413,415,417,419,421,423,425,427,429,431,433,435,437,439,441,443,445,447,449,451,453,455,457,459,461,463,465,467,469,471,473,475,477,479,481,483,485,487,489,491,493,495,497,499,501,503,505,507,509,511,513
sha256	solo	PositiveWorkControl	102400 B	call	4200446/100,4220008/100,4318508/100,4286999/100,4225552/100,4204519/100,4208241/100,4198514/100,4197925/100,4198438/100,4204535/100,4199212/100,4197881/100,4199916/100,4197869/100,4197998/100,4201340/100,4208865/100,4259627/100,4252173/100,4288875/100,4287356/100,4263201/100,4211937/100,4207586/100,4201304/100,4198387/100,4572473/100,4203706/100,4197250/100,4200909/100,4197964/100,4199479/100,4198071/100,4197891/100,4197837/100,4200069/100,4198956/100,4202305/100,4262393/100,4288638/100,4278907/100,4246294/100,4200430/100,4209846/100,4201439/100,4202355/100,4199147/100,4197715/100,4198213/100,4206599/100,4198813/100,4203161/100,4197725/100,4200082/100,4198415/100,4198985/100,4242630/100,4262186/100,4286896/100,4271356/100,4214519/100,4199840/100,4205921/100,4211586/100,4201144/100,4209060/100,4197935/100,4197709/100,4198947/100,4200075/100,4198092/100,4198003/100,4197847/100,4200527/100,4197806/100,4205482/100,4241954/100,4289275/100,4294269/100,4211422/100,4198064/100,4197918/100,4205858/100,4203359/100,4201339/100,4198467/100,4200574/100,4202729/100,4197777/100,4203433/100,4197751/100,4198522/100,4209217/100,4197814/100,4197767/100,4238264/100,4288295/100,4270216/100,4235604/100,4214281/100,4230397/100,4206320/100,4198003/100,4201006/100,4198027/100,4197787/100,4201768/100,4198043/100,4197691/100,4197901/100,4202783/100,4199062/100,4203103/100,4198133/100,4240476/100,4290574/100,4298795/100,4301285/100,4321787/100,4377145/100,4290999/100,4287139/100,4293245/100,4284204/100,4284773/100,4285217/100,4287243/100	520,524,528,532,537,541,545,549,554,558,562,566,570,575,579,583,587,591,596,600,604,608,613,617,621,625,630,634,638,643,647,651,655,659,663,668,672,676,680,684,689,693,697,702,706,710,714,718,723,727,731,735,739,744,748,752,756,760,765,769,773,777,782,786,790,794,798,803,807,811,815,819,824,828,832,836,840,845,849,853,858,862,866,870,874,879,883,887,891,895,900,904,908,912,916,921,925,929,933,938,942,946,950,954,959,963,967,971,975,980,984,988,992,996,1001,1005,1009,1013,1018,1022,1026,1031,1035,1039,1044,1048,1052,1056
blake3-servil-st	solo	PositiveWorkControl	64 B	call	1972522/45500,1975142/45500,1971585/45500,1971304/45500,1969975/45500,1972927/45500,1975165/45500,1977236/45500,1971803/45500,1970850/45500,1973248/45500,1970890/45500,1973783/45500,1973724/45500,1982442/45500,1976127/45500,1978462/45500,1988155/45500,1977975/45500,1979361/45500,1973819/45500,1973215/45500,1977293/45500,1973258/45500,1972317/45500,1975021/45500,1972069/45500,1972631/45500,2340713/45500,1978353/45500,1972894/45500,1973597/45500,1972859/45500,1970955/45500,1973989/45500,1973219/45500,1973022/45500,1971846/45500,1971631/45500,1973705/45500,1974161/45500,1971961/45500,1971505/45500,1972511/45500,1973970/45500,1972037/45500,1970668/45500,1974605/45500,1974117/45500,1973191/45500,1972417/45500,1974259/45500,1971944/45500,1974566/45500,1982022/45500,1979816/45500,1980293/45500,1990518/45500,1976095/45500,1979904/45500,1974486/45500,1973557/45500,1973152/45500,1972858/45500,1972092/45500,1973649/45500,1974022/45500,1972413/45500,1971610/45500,2335898/45500,1973251/45500,1970645/45500,1971738/45500,1974128/45500,1973957/45500,1971501/45500,1972509/45500,1973305/45500,1971141/45500,1974162/45500,1976685/45500,1972019/45500,1974029/45500,1973844/45500,1978512/45500,1982893/45500,1974424/45500,1973926/45500,1973174/45500,1971448/45500,1971522/45500,1970328/45500,1971450/45500,1976679/45500,1978787/45500,1978059/45500,2015241/45500,2017393/45500,2010264/45500,1985593/45500,1979373/45500,2013462/45500,1982597/45500,1980024/45500,1972047/45500,1973114/45500,1977265/45500,1983340/45500,1972493/45500,1978037/45500,1978147/45500,1977326/45500,1975352/45500,1983856/45500,1983671/45500,1983685/45500,1972901/45500,1975397/45500,1979033/45500,1975690/45500,1972870/45500,1973306/45500,1973609/45500,1973695/45500,1972760/45500,1973689/45500,1973099/45500,1973705/45500	1063,1065,1067,1069,1071,1073,1075,1077,1079,1081,1083,1085,1087,1088,1090,1092,1094,1096,1098,1100,1102,1104,1106,1108,1110,1112,1114,1116,1118,1120,1122,1124,1126,1128,1130,1132,1134,1136,1138,1140,1142,1144,1146,1148,1150,1152,1154,1156,1158,1160,1162,1164,1166,1168,1170,1172,1174,1176,1178,1180,1182,1184,1186,1188,1190,1192,1194,1196,1197,1199,1202,1204,1206,1208,1210,1212,1214,1216,1218,1220,1222,1223,1225,1227,1229,1231,1233,1235,1237,1239,1241,1243,1245,1247,1249,1251,1253,1255,1257,1259,1261,1263,1265,1267,1269,1271,1273,1275,1277,1279,1281,1283,1285,1287,1289,1291,1293,1295,1297,1299,1301,1303,1305,1307,1309,1311,1313,1315
blake3-servil-st	solo	PositiveWorkControl	2048 B	call	2045064/2700,2047062/2700,2044500/2700,2043631/2700,2043238/2700,2046192/2700,2048842/2700,2044046/2700,2046538/2700,2050258/2700,2047577/2700,2049118/2700,2044714/2700,2046075/2700,2045006/2700,2043940/2700,2044762/2700,2045149/2700,2048925/2700,2048040/2700,2047626/2700,2047987/2700,2044579/2700,2048756/2700,2054066/2700,2048519/2700,2048900/2700,2044132/2700,2045124/2700,2042626/2700,2041941/2700,2042218/2700,2042839/2700,2042667/2700,2042452/2700,2044239/2700,2044992/2700,2042735/2700,2042189/2700,2042388/2700,2045854/2700,2045172/2700,2016423/2700,2031934/2700,2046238/2700,2043452/2700,2044475/2700,2047298/2700,2050118/2700,2007409/2700,2010101/2700,2010454/2700,2018705/2700,2022987/2700,2007575/2700,2005739/2700,2008350/2700,2023545/2700,2003935/2700,2000760/2700,2002286/2700,2004496/2700,2002004/2700,2001557/2700,2003734/2700,2001117/2700,2001987/2700,2003386/2700,2003621/2700,2005900/2700,2001218/2700,2002355/2700,2001340/2700,2004258/2700,2005319/2700,2005179/2700,2012059/2700,2003242/2700,2002748/2700,2003660/2700,2003368/2700,2002749/2700,2003192/2700,2025997/2700,2050384/2700,2047904/2700,2045061/2700,2046964/2700,2035851/2700,2017457/2700,2008409/2700,2001265/2700,2000759/2700,2014787/2700,2008360/2700,2008623/2700,2006558/2700,2018197/2700,2022603/2700,2007813/2700,2006493/2700,2004176/2700,2003662/2700,2013808/2700,2006409/2700,2011047/2700,2002007/2700,2004168/2700,2002585/2700,2001947/2700,2005265/2700,2001811/2700,2001662/2700,2004225/2700,2006741/2700,2006221/2700,2004338/2700,2004116/2700,2002922/2700,2004820/2700,2002925/2700,2003733/2700,2023522/2700,2047433/2700,2043675/2700,2045789/2700,2044703/2700,2053416/2700	1319,1321,1323,1325,1327,1329,1331,1333,1335,1337,1339,1341,1343,1345,1347,1349,1351,1353,1355,1357,1360,1362,1364,1366,1368,1370,1372,1374,1376,1378,1380,1382,1384,1386,1388,1390,1392,1394,1396,1398,1400,1402,1405,1407,1409,1411,1413,1415,1417,1419,1421,1423,1425,1427,1429,1431,1433,1435,1437,1439,1441,1443,1445,1447,1449,1451,1453,1455,1457,1459,1461,1463,1465,1467,1469,1471,1473,1475,1477,1479,1481,1483,1485,1487,1489,1491,1493,1495,1497,1499,1501,1503,1505,1507,1509,1511,1513,1515,1517,1519,1521,1523,1525,1527,1529,1531,1533,1535,1537,1539,1541,1543,1545,1547,1549,1551,1553,1555,1557,1559,1561,1563,1565,1568,1570,1572,1574,1576
blake3-servil-st	solo	PositiveWorkControl	102400 B	call	3723624/200,3723023/200,3737506/200,3717943/200,3705483/200,3731772/200,3707475/200,3698602/200,3697034/200,3704965/200,3697203/200,3697579/200,3699587/200,3700113/200,3699350/200,3698089/200,3701253/200,3735981/200,3776575/200,3778486/200,3743308/200,3706848/200,3700028/200,3700685/200,3699425/200,3717639/200,3721522/200,3714501/200,3719099/200,3699035/200,3703734/200,3698695/200,3703225/200,3700516/200,3701497/200,3700868/200,3697323/200,3702013/200,3700549/200,3751677/200,3829864/200,3768294/200,3720641/200,3748753/200,3708921/200,4084933/200,3698398/200,3705790/200,3759527/200,3702323/200,3700510/200,3698257/200,3697627/200,3701484/200,3699737/200,3702054/200,3699900/200,3702671/200,3696652/200,3702068/200,3717299/200,3780713/200,3773073/200,3775272/200,3716147/200,3710575/200,3702282/200,3704423/200,3702149/200,3696194/200,3699847/200,3701535/200,3701748/200,3700176/200,3699354/200,3698607/200,3698499/200,3698600/200,3699400/200,3697253/200,3699094/200,3703653/200,3760560/200,3775044/200,3769529/200,3717736/200,3705755/200,3703646/200,3704691/200,3702732/200,3701390/200,3699111/200,3700854/200,3700853/200,3701145/200,3706854/200,3701542/200,3702643/200,3701717/200,3700235/200,3698107/200,3697442/200,3701650/200,3707965/200,3776089/200,3778310/200,3774016/200,3744886/200,3712251/200,3698156/200,3709513/200,3701633/200,3702615/200,3735600/200,3700952/200,3699139/200,3700610/200,3698911/200,3774366/200,3796490/200,3784436/200,3723616/200,3701016/200,3725456/200,3730234/200,3744630/200,3775272/200,3779122/200	1582,1585,1589,1593,1597,1600,1604,1608,1611,1615,1619,1622,1626,1630,1634,1637,1641,1645,1648,1652,1656,1660,1663,1667,1671,1675,1678,1682,1686,1689,1693,1697,1700,1704,1708,1712,1715,1719,1723,1726,1730,1734,1738,1741,1745,1749,1753,1757,1760,1764,1768,1772,1775,1779,1783,1786,1790,1794,1797,1801,1805,1809,1812,1816,1820,1824,1827,1831,1835,1838,1842,1846,1850,1853,1857,1861,1864,1868,1872,1875,1879,1883,1887,1890,1894,1898,1902,1905,1909,1913,1916,1920,1924,1928,1931,1935,1939,1942,1946,1950,1953,1957,1961,1965,1968,1972,1976,1980,1983,1987,1991,1994,1998,2002,2006,2009,2013,2017,2020,2024,2028,2032,2035,2039,2043,2047,2050,2054

